3776515
3871683
3784981
3731120
3785221
3783331
3871487
3871963
3786407
3822133
3786534
3776865
3786153
3784182
3736914
3786812
3829369
3777182
3831047
3877051
3782671
3777276
3822442
3778246
3740287
3740430
3787523
3782820
3785535
3787669
3822621
3743134
3743346
3786288
3743863
3744223
3776045
3781979
3745192
3787699
3822735
3783140
3746881
3777116
3781643
3787954
3784378
3788068
3788220
3788446
3777342
3836031
3782206
3784543
3751926
3752252
3823090
3784763
3836193
3777563
3823211
3830444
3777728
3778628
3835913
3755139
3777927
3823699
3824349
3788653
3777932
3778026
3756384
3782425
3824053
3824102
3788711
3778762
3778848
3788983
3778144
3828060
3788845
3759502
3759764
3759806
3759859
3759940
3760016
3760080
3760174
3760182
3760235
3760259
3760297
3760324
3760393
3760438
3760556
3760655
3760720
3760869
3761034
3761149
3881195
3937712
3772701
3772798
3772834
3772885
3773025
3885906
3774243
3822780
3876478
3877279
3877607
3877722
3877777
3877850
3878162
3878445
3878604
3878734
3878848
3879174
3879306
3879431
3879447
3929738
3879669
3879748
3879808
3880189
3880349
3934538
3760388